newID	start	stop	chr	newname	X1_1_Kar4dep_Ste12_AF_log2Fold	X1_1_Kar4dep_Ste12_AF_log2Q	X1_1_Kar4dep_Ste12_AF_Sig	X1_1_Kar4dep_Ste12_AF_Ctrl	closest	closestdist	in_feature	in_feature_prom_dist
1	68186	68426	chrI	chrI:68306	1.532	-20.872	226.5	103.2	CLN3	786	NA	NA
2	69863	70245	chrI	chrI:69983_chrI:70000_chrI:70045_chrI:70125	5.603	-614.484	999	27	CYC3	458	NA	NA
3	183457	183697	chrI	chrI:183577	1.708	-7.617	60.6	16.2	UIP3	193	NA	NA
4	43060	43300	chrII	chrII:43180	3.904	-9.216	18.3	4.7	MRX3	97	YBL096C	302
5	192061	192301	chrII	chrII:192181	1.839	-128.924	929.1	323.3	FUS3	270	NA	NA
6	226881	227121	chrII	chrII:227001	2.239	-35.605	165.4	57.5	UTP20	635	NA	NA
7	316413	316841	chrII	chrII:316533_chrII:316721	4.601	-691.317	1300.4	118.7	FIG1	247	NA	NA
8	317069	317309	chrII	chrII:317189	2.966	-74.573	237.7	60.6	FAT1	1077	FIG1	221
9	317406	317646	chrII	chrII:317526	1.746	-13.234	104.1	54.8	FAT1	740	FIG1	558
10	393204	393444	chrII	chrII:393324	2.65	-74.563	263.9	44.3	SLM4	1031	ECM33	201
11	425072	425312	chrII	chrII:425192	4.119	-12.571	28	11.6	IST2	2151	POL30	574
12	554781	555021	chrII	chrII:554901	1.242	-7.652	162.3	65.1	ICS2	591	NA	NA
13	555328	555794	chrII	chrII:555448_chrII:555674	2.346	-61.268	267.6	66.9	AMN1	1101	NA	NA
14	555920	556211	chrII	chrII:556040_chrII:556091	1.681	-44.036	395.9	141.8	AMN1	458	NA	NA
15	668772	669012	chrII	chrII:668892	4.295	-12.492	23.9	6.4	PCS60	541	TDP1	1405
16	670367	670607	chrII	chrII:670487	4.906	-89.911	162.5	9.2	YBR225W	140	YBR224W	362
17	28096	28336	chrIII	chrIII:28216	4.5	-20.18	29.3	0	PEX34	857	KAR4	287
18	28661	28901	chrIII	chrIII:28781	3.822	-9.211	19.4	0.6	PEX34	1422	KAR4	852
19	28970	29210	chrIII	chrIII:29090	4.639	-10.496	34.7	14.2	PEX34	1731	NA	NA
20	71481	71750	chrIII	chrIII:71601_chrIII:71619_chrIII:71630	2.634	-489.302	1778.9	391	FUS1	173	NA	NA
21	71847	72087	chrIII	chrIII:71967	1.317	-7.334	111.8	60.9	BIK1	2046	FUS1	164
22	123706	123946	chrIII	chrIII:123826	3.601	-371.484	881.2	107.8	YCR006C	823	NA	NA
23	131601	131860	chrIII	chrIII:131721_chrIII:131740	5.372	-894.559	1485.7	50.1	RVS161	198	NA	NA
24	131889	132129	chrIII	chrIII:132009	4.074	-37.746	87.3	15.3	RVS161	467	NA	NA
25	168267	168631	chrIII	chrIII:168387_chrIII:168511	4.559	-487.182	910.7	66.5	RHB1	388	NA	NA
26	266951	267272	chrIII	chrIII:267071_chrIII:267107_chrIII:267152	4.629	-Inf	3601.5	213	FIG2	363	NA	NA
27	267493	267733	chrIII	chrIII:267613	2.409	-84.239	366.7	125.3	YCR087C-A	3146	FIG2	179
28	27271	27511	chrIV	chrIV:27391	3.484	-6.67	14.9	2.1	AIM6	3266	ADY3	1384
29	50609	50849	chrIV	chrIV:50729	3.62	-41.831	100.9	18.1	SHS1	1716	NA	NA
30	219337	219577	chrIV	chrIV:219457	6.029	-50.372	94.5	9.4	RDI1	169	NA	NA
31	234248	234862	chrIV	chrIV:234368_chrIV:234388_chrIV:234582_chrIV:234688_chrIV:234742	3.068	-432.928	1251.3	174.9	PCL2	239	NA	NA
32	235001	235241	chrIV	chrIV:235121	1.803	-19.809	144.9	53.4	YDL124W	5138	PCL2	194
33	542375	542615	chrIV	chrIV:542495	1.648	-11.188	99.2	42.9	YDR042C	1292	NA	NA
34	616374	616738	chrIV	chrIV:616494_chrIV:616530_chrIV:616618	4.971	-Inf	2238.9	94.3	AFR1	380	NA	NA
35	668763	669003	chrIV	chrIV:668883	4.832	-80.408	148.1	9.4	TMS1	2113	NA	NA
36	700010	700250	chrIV	chrIV:700130	3.899	-312.7	677.3	66.2	YDR124W	185	NA	NA
37	746196	746436	chrIV	chrIV:746316	2.592	-20.641	79.5	22.9	MKC7	215	NA	NA
38	944461	944701	chrIV	chrIV:944581	3.1	-20.414	57.6	9	BUD26	570	SNU56	571
39	945737	945977	chrIV	chrIV:945857	3.174	-165.267	459.2	74.3	SNU56	705	NA	NA
40	1023429	1023669	chrIV	chrIV:1023549	3.932	-44.106	101.5	14.9	PHM6	1228	MRX10	1206
41	1080325	1080754	chrIV	chrIV:1080445_chrIV:1080567_chrIV:1080589_chrIV:1080634	1.73	-164.9	1403	500.6	GIC2	390	NA	NA
42	1087113	1087353	chrIV	chrIV:1087233	3.415	-33.786	90.7	22.7	SSF2	348	NA	NA
43	1379756	1379996	chrIV	chrIV:1379876	4.291	-11.582	32.9	10	TFB3	3935	NA	NA
44	20758	20998	chrIX	chrIX:20878	4.528	-124.384	236.9	14.7	IMA3	2325	NA	NA
45	21823	22263	chrIX	chrIX:21943_chrIX:22143	1.274	-15.472	295.1	126	IMA3	3590	NA	NA
46	141668	141948	chrIX	chrIX:141788_chrIX:141828	2.599	-134.149	501.2	133.4	PRM5	259	NA	NA
47	175194	175434	chrIX	chrIX:175314	2.886	-28.445	97.2	14.8	YIL102C	427	XBP1	1936
48	204797	205037	chrIX	chrIX:204917	1.735	-11.787	90.1	27.8	CAB2	264	NA	NA
49	284673	284913	chrIX	chrIX:284793	2.54	-12.639	52.8	12.8	CST6	873	PRM2	206
50	285013	285308	chrIX	chrIX:285133_chrIX:285188	6.095	-216.214	343	15.8	PRM2	134	NA	NA
51	321944	322184	chrIX	chrIX:322064	1.2	-19.397	437.3	307.8	BAR1	278	NA	NA
52	192572	192812	chrV	chrV:192692	4.533	-257.087	487.9	28.3	SPC25	68	NA	NA
53	349599	349839	chrV	chrV:349719	2.757	-37.017	125.2	16.8	RAD51	261	NA	NA
54	434495	434735	chrV	chrV:434615	1.826	-26.457	192	81.7	YER133W-A	2576	NA	NA
55	506283	506523	chrV	chrV:506403	4.081	-7.701	20.1	1.9	GCG1	2621	CHD1	1011
56	566488	566728	chrV	chrV:566608	2.989	-41.951	127.8	26	YER188W	1432	YER187W	378
57	566768	567008	chrV	chrV:566888	4.935	-992.769	1737.7	95.9	YER188W	1152	NA	NA
58	82207	82587	chrVI	chrVI:82327_chrVI:82467	1.194	-17.396	444.5	376.9	STE2	253	NA	NA
59	140064	140304	chrVII	chrVII:140184	4.464	-961.606	1832.5	119.4	YGL194C-A	223	NA	NA
60	141498	142136	chrVII	chrVII:141618_chrVII:141797_chrVII:141799_chrVII:142016	6.208	-556.962	860.7	16.9	HOS2	71	NA	NA
61	212618	212858	chrVII	chrVII:212738	3.56	-36.988	93.9	15.3	CDC43	1343	AMS1	2322
62	402574	402814	chrVII	chrVII:402694	2.207	-15.71	78.9	31.7	YGL052W	743	PRM8	105
63	443214	443524	chrVII	chrVII:443334_chrVII:443404	2.743	-185.179	637.4	90.4	SCW11	495	NA	NA
64	452284	452524	chrVII	chrVII:452404	3.368	-30.723	79.2	11	STT3	0	STT3	0
65	682476	682716	chrVII	chrVII:682596	4.69	-17.8	40.2	6.2	TEL2	5303	ESP1	4862
66	707633	707873	chrVII	chrVII:707753	2.863	-10.502	34	5.4	CLB6	1252	NA	NA
67	736305	736545	chrVII	chrVII:736425	1.66	-33.744	297.6	115	YGR122C-A	667	NA	NA
68	838904	839144	chrVII	chrVII:839024	3.926	-8.9	21.1	3.9	LSO2	2359	PSD2	1882
69	878156	878745	chrVII	chrVII:878276_chrVII:878407_chrVII:878625	2.98	-146.758	443	69.5	CRH1	215	NA	NA
70	958454	958694	chrVII	chrVII:958574	2.679	-36.582	130.4	28.9	PHO81	364	NA	NA
71	272685	272925	chrVIII	chrVIII:272805	1.989	-12.034	75.5	31.4	KSP1	1257	SAM35	178
72	273485	273725	chrVIII	chrVIII:273605	0.904	-9.134	645	420.9	STE12	569	SAM35	978
73	273725	274190	chrVIII	chrVIII:273845_chrVIII:274070	2.196	-431.325	2165.1	656	STE12	329	NA	NA
74	401153	401393	chrVIII	chrVIII:401273	2.235	-25.318	122.6	56.6	SPO12	161	NA	NA
75	508786	509026	chrVIII	chrVIII:508906	4.719	-326.303	613.5	65.5	SCH9	457	NA	NA
76	101835	102194	chrX	chrX:101955_chrX:102074	4.335	-213.291	429.1	54.9	YJL169W	144	NA	NA
77	115707	115947	chrX	chrX:115827	3.5	-119.42	305.3	71.2	JJJ2	198	NA	NA
78	126435	126702	chrX	chrX:126555_chrX:126582	3.166	-426.634	1184.2	175.4	YJL156W-A	22	NA	NA
79	220038	220462	chrX	chrX:220158_chrX:220342	2.476	-31.219	125	34.9	YJL107C	326	NA	NA
80	724196	724534	chrX	chrX:724316_chrX:724414	3.978	-236.972	505.1	52.9	YJR154W	1468	NA	NA
81	84383	84665	chrXI	chrXI:84503_chrXI:84545	4.453	-218.594	419.9	24.1	HYM1	159	NA	NA
82	201939	202179	chrXI	chrXI:202059	2.39	-40.417	170.5	37.8	PMU1	288	NA	NA
83	202447	202687	chrXI	chrXI:202567	3.534	-128.466	308.4	32.4	PMU1	796	NA	NA
84	203173	203413	chrXI	chrXI:203293	3.837	-171.528	382.1	27.9	PGM1	248	NA	NA
85	358086	358326	chrXI	chrXI:358206	2.333	-7.331	32.5	9.6	SPC42	269	NA	NA
86	379452	379692	chrXI	chrXI:379572	3.824	-249.359	553.4	65.9	YKL031W	2500	NA	NA
87	385792	386032	chrXI	chrXI:385912	4.045	-37.642	82.9	9.2	MAE1	1187	TFA1	154
88	517182	517422	chrXI	chrXI:517302	1.841	-321.869	2333.3	902.7	YKR041W	896	NA	NA
89	518808	519172	chrXI	chrXI:518928_chrXI:518973_chrXI:519052	1.606	-127.597	1282.3	612.9	YKR040C	407	NA	NA
90	614463	614703	chrXI	chrXI:614583	2.408	-89.403	375	92.3	SRP40	698	NA	NA
91	48928	49168	chrXII	chrXII:49048	4.373	-8.811	25.1	6.6	RPL8B	419	NA	NA
92	234714	234954	chrXII	chrXII:234834	1.779	-27.977	250.4	72	PDC1	753	NA	NA
93	247946	248186	chrXII	chrXII:248066	3.061	-18.156	53.7	8.4	FCF2	1089	NA	NA
94	343141	343381	chrXII	chrXII:343261	1.476	-52.041	641.5	326.4	YLR101C	300	APC9	506
95	343590	343830	chrXII	chrXII:343710	2.13	-40.346	212.3	80.5	YLR101C	749	APC9	57
96	693892	694132	chrXII	chrXII:694012	3.055	-26.345	78.5	12.8	SMD2	366	NA	NA
97	728319	728559	chrXII	chrXII:728439	1.326	-21.239	371.9	167	YLR299C-A	436	NA	NA
98	790003	790328	chrXII	chrXII:790123_chrXII:790208	3.092	-224.86	645.9	88.7	MID2	468	NA	NA
99	1043519	1043759	chrXII	chrXII:1043639	6.493	-74.244	128.8	9	FMP27	359	NA	NA
100	181186	181652	chrXIII	chrXIII:181306_chrXIII:181310_chrXIII:181532	1.595	-45.861	458.1	170.7	PRP39	164	NA	NA
101	245923	246163	chrXIII	chrXIII:246043	4.464	-10.525	28.1	3.5	ERV25	73	NA	NA
102	321806	322046	chrXIII	chrXIII:321926	4.294	-8.806	25.2	4.8	MSS1	909	MRPL3	51
103	399430	399915	chrXIII	chrXIII:399550_chrXIII:399747_chrXIII:399795	2.479	-236.369	971.3	321.8	SOV1	1794	KAR5	45
104	589643	589883	chrXIII	chrXIII:589763	4.076	-148.431	308.4	18	MSS11	213	NA	NA
105	625493	625937	chrXIII	chrXIII:625613_chrXIII:625817	3.241	-65.674	176.4	28.8	RGM1	650	MIN3	6
106	659471	659711	chrXIII	chrXIII:659591	6.221	-619.181	954.4	18.8	CIK1	154	NA	NA
107	659843	660083	chrXIII	chrXIII:659963	4.672	-76.36	141.6	10.5	VTI1	765	CIK1	218
108	660193	660433	chrXIII	chrXIII:660313	4.606	-17.221	31	4.3	VTI1	1115	CIK1	568
109	736199	736439	chrXIII	chrXIII:736319	2.703	-229.845	804.6	144.7	FUS2	607	PEP5	2774
110	736550	736844	chrXIII	chrXIII:736670_chrXIII:736689_chrXIII:736724	3.511	-824.25	2016.4	287.1	FUS2	202	NA	NA
111	736875	737115	chrXIII	chrXIII:736995	1.647	-9.988	86.3	49.6	TRI1	2190	FUS2	69
112	880351	880868	chrXIII	chrXIII:880471_chrXIII:880562_chrXIII:880655_chrXIII:880748	2.546	-391.794	1505.4	322.8	SCW10	330	NA	NA
113	64922	65162	chrXIV	chrXIV:65042	4.022	-33.184	71.8	9.4	RPL18B	480	NA	NA
114	110613	110881	chrXIV	chrXIV:110733_chrXIV:110761	4.707	-Inf	2396.3	150	PRM1	156	NA	NA
115	111015	111255	chrXIV	chrXIV:111135	3.163	-113.856	323.3	68.7	ERG24	724	PRM1	218
116	128974	129388	chrXIV	chrXIV:129094_chrXIV:129268	4.563	-12.866	32.3	5.9	SEC2	10	NA	NA
117	254016	254256	chrXIV	chrXIV:254136	3.551	-93.516	226.1	34.8	YNL208W	282	NA	NA
118	276050	276290	chrXIV	chrXIV:276170	2.628	-287.521	1048	191.1	CHS1	332	NA	NA
119	301286	301526	chrXIV	chrXIV:301406	1.484	-15.551	197.6	82.9	YNL179C	303	NA	NA
120	301762	302002	chrXIV	chrXIV:301882	3.283	-278.838	738.9	110.9	YNL179C	779	NA	NA
121	424520	424760	chrXIV	chrXIV:424640	3.388	-57.281	148.7	16.1	INP52	145	NA	NA
122	525288	525528	chrXIV	chrXIV:525408	2.995	-14.311	47.1	7	VAC7	678	NA	NA
123	529509	529749	chrXIV	chrXIV:529629	3.467	-268.543	656.6	89.3	MSG5	313	NA	NA
124	703331	703571	chrXIV	chrXIV:703451	1.163	-66.81	1752.4	1041.4	AGA1	248	NA	NA
125	27443	27683	chrXV	chrXV:27563	1.826	-11.198	83.7	19.7	IMA2	3269	NA	NA
126	27776	28035	chrXV	chrXV:27896_chrXV:27915	1.162	-11.193	269.6	127	IMA2	3602	NA	NA
127	167962	168202	chrXV	chrXV:168082	4.191	-145.853	304.3	45.3	ATG19	645	NA	NA
128	288377	288617	chrXV	chrXV:288497	2.744	-81.958	284.1	68	TOS7	401	YOL019W-A	77
129	569712	569952	chrXV	chrXV:569832	3.51	-92.921	224.5	25.1	AFI1	274	NA	NA
130	570879	571119	chrXV	chrXV:570999	3.777	-44.873	105.9	19.4	ORT1	192	NA	NA
131	810326	810566	chrXV	chrXV:810446	4.103	-11.838	23.5	2.7	CDC31	562	TRE2	237
132	854538	854987	chrXV	chrXV:854658_chrXV:854867	3.989	-94.884	205.1	28	MPD1	1790	NA	NA
133	954087	954327	chrXV	chrXV:954207	4.35	-51.35	99.9	6.7	TEA1	137	NA	NA
134	978804	979111	chrXV	chrXV:978924_chrXV:978991	2.288	-276.402	1282	345.8	TYE7	922	NA	NA
135	979177	979417	chrXV	chrXV:979297	0.947	-9.172	498.9	307.8	TYE7	1228	NA	NA
136	1008226	1008466	chrXV	chrXV:1008346	1.964	-15.005	86.5	32.7	HAP5	1815	CIR2	1125
137	109908	110148	chrXVI	chrXVI:110028	2.653	-7.388	27.6	10.7	VMA11	4588	FAS2	1376
138	182726	182966	chrXVI	chrXVI:182846	2.754	-28.556	103.5	31.9	GUP2	6308	PRM3	210
139	183134	183490	chrXVI	chrXVI:183254_chrXVI:183370	6.096	-888.008	1390.5	41.3	PRM3	314	NA	NA
140	214588	214828	chrXVI	chrXVI:214708	1.672	-42.541	382.8	160.3	CUP9	746	NA	NA
141	214911	215260	chrXVI	chrXVI:215031_chrXVI:215140	2.744	-253.703	868.2	149.7	CUP9	1069	NA	NA
142	256208	256448	chrXVI	chrXVI:256328	1.944	-12.039	75.2	25	AIM44	2018	PRM4	439
143	256492	256732	chrXVI	chrXVI:256612	3.807	-43.662	104	23.5	AIM44	2302	PRM4	155
144	256823	257107	chrXVI	chrXVI:256943_chrXVI:256987	4.13	-380.018	776.9	52.4	PRM4	220	NA	NA
145	769665	769905	chrXVI	chrXVI:769785	4.027	-166.649	353.9	41.1	CLB2	1868	NA	NA
146	770083	770323	chrXVI	chrXVI:770203	1.815	-7.96	62.6	19.8	CLB2	1450	NA	NA
147	798832	799072	chrXVI	chrXVI:798952	4.015	-63.23	130.8	13.2	CTF4	282	NA	NA
148	812916	813156	chrXVI	chrXVI:813036	2.385	-44.227	186.2	34.9	MEP3	583	NA	NA
149	818036	818276	chrXVI	chrXVI:818156	3.18	-35.741	101	11.6	RRP15	167	YPR142C	537
150	856949	857189	chrXVI	chrXVI:857069	1.423	-15.866	214.2	118.2	KRE6	514	NA	NA
151	880735	880975	chrXVI	chrXVI:880855	5.883	-302.034	495.4	27.5	YPR169W-A	2384	NA	NA
